0.889316
0.928036
0.910573
0.917725
0.916580
0.955757
0.988116
0.981014
0.993292
1.021371
1.017479
0.993026
1.032968
1.040690
1.022141
1.035758
1.081136
1.028451
1.030430
1.049641
1.032270
1.037909
0.992588
1.030196
1.003227
1.019779
1.005305
0.992608
0.971803
0.978918
0.966155
0.950995
0.960028
0.937281
0.984469
0.944657
0.917288
0.917392
0.919723
0.895586
0.909755
0.917728
0.913769
0.879576
0.909203
0.933009
0.913398
0.903518
0.884769
0.871123
0.910384
0.912725
0.879877
0.941463
0.882319
0.866904
0.914874
0.902359
0.907125
0.909866
0.899174
0.921632
0.867675
0.921667
0.871809
0.883578
0.898043
0.921934
0.872616
0.861230
0.852474
0.821200
0.860114
0.830403
0.833094
0.787999
0.781675
0.761568
0.791778
0.769761
0.762829
0.746402
0.767476
0.763987
0.758478
0.795891
0.793860
0.765631
0.810797
0.762488
0.755453
0.798291
0.821113
0.789659
0.813779
0.799435
0.833600
0.810950
0.867200
0.876790
0.882103
0.907162
0.929791
